[font\src\glyph.rs:135] bitmap.buffer() = [
    0,
    0,
    35,
    182,
    178,
    174,
    168,
    152,
    120,
    67,
    5,
    0,
    0,
    0,
    0,
    0,
    0,
    0,
    0,
    0,
    73,
    255,
    255,
    255,
    255,
    255,
    255,
    255,
    234,
    113,
    2,
    0,
    0,
    0,
    0,
    0,
    0,
    0,
    101,
    255,
    255,
    255,
    255,
    255,
    255,
    255,
    255,
    255,
    172,
    2,
    0,
    0,
    0,
    0,
    0,
    0,
    27,
    63,
    70,
    77,
    84,
    103,
    147,
    229,
    255,
    255,
    255,
    108,
    0,
    0,
    0,
    0,
    0,
    0,
    0,
    0,
    0,
    0,
    0,
    0,
    0,
    7,
    166,
    255,
    255,
    225,
    1,
    0,
    0,
    0,
    0,
    0,
    0,
    0,
    0,
    0,
    0,
    0,
    0,
    0,
    18,
    251,
    255,
    255,
    35,
    0,
    0,
    0,
    0,
    0,
    0,
    0,
    0,
    0,
    0,
    0,
    0,
    0,
    0,
    227,
    255,
    255,
    65,
    0,
    0,
    0,
    0,
    0,
    0,
    27,
    116,
    177,
    213,
    228,
    230,
    217,
    191,
    248,
    255,
    255,
    72,
    0,
    0,
    0,
    0,
    2,
    130,
    250,
    255,
    255,
    255,
    255,
    255,
    255,
    255,
    255,
    255,
    255,
    72,
    0,
    0,
    0,
    0,
    140,
    255,
    255,
    255,
    253,
    217,
    195,
    195,
    199,
    213,
    255,
    255,
    255,
    72,
    0,
    0,
    0,
    34,
    253,
    255,
    255,
    148,
    20,
    0,
    0,
    0,
    0,
    0,
    255,
    255,
    255,
    72,
    0,
    0,
    0,
    103,
    255,
    255,
    204,
    0,
    0,
    0,
    0,
    0,
    0,
    0,
    240,
    255,
    255,
    72,
    0,
    0,
    0,
    126,
    255,
    255,
    165,
    0,
    0,
    0,
    0,
    0,
    0,
    67,
    255,
    255,
    255,
    72,
    0,
    0,
    0,
    107,
    255,
    255,
    226,
    12,
    0,
    0,
    0,
    0,
    45,
    227,
    207,
    255,
    255,
    72,
    0,
    0,
    0,
    40,
    255,
    255,
    255,
    214,
    116,
    90,
    109,
    169,
    251,
    252,
    109,
    255,
    255,
    247,
    217,
    188,
    16,
    0,
    149,
    255,
    255,
    255,
    255,
    255,
    255,
    255,
    255,
    140,
    75,
    255,
    255,
    255,
    255,
    255,
    24,
    0,
    2,
    120,
    237,
    255,
    255,
    255,
    255,
    234,
    117,
    2,
    64,
    255,
    255,
    255,
    255,
    255,
    24,
    0,
    0,
    0,
    4,
    49,
    76,
    74,
    45,
    3,
    0,
    0,
    9,
    34,
    28,
    20,
    12,
    4,
    0,
]