[font\src\glyph.rs:135] bitmap.buffer() = [
    0,
    0,
    0,
    74,
    253,
    250,
    247,
    244,
    240,
    232,
    217,
    192,
    153,
    100,
    29,
    0,
    0,
    0,
    0,
    0,
    0,
    0,
    0,
    0,
    0,
    0,
    0,
    0,
    0,
    101,
    255,
    255,
    255,
    255,
    255,
    255,
    255,
    255,
    255,
    255,
    255,
    189,
    65,
    0,
    0,
    0,
    0,
    0,
    0,
    0,
    0,
    0,
    0,
    0,
    0,
    127,
    255,
    255,
    255,
    255,
    255,
    255,
    255,
    255,
    255,
    255,
    255,
    255,
    255,
    156,
    6,
    0,
    0,
    0,
    0,
    0,
    0,
    0,
    0,
    0,
    0,
    154,
    255,
    255,
    255,
    255,
    255,
    255,
    255,
    255,
    255,
    255,
    255,
    255,
    255,
    255,
    178,
    2,
    0,
    0,
    0,
    0,
    0,
    0,
    0,
    0,
    0,
    89,
    136,
    143,
    150,
    156,
    163,
    171,
    188,
    221,
    254,
    255,
    255,
    255,
    255,
    255,
    255,
    118,
    0,
    0,
    0,
    0,
    0,
    0,
    0,
    0,
    0,
    0,
    0,
    0,
    0,
    0,
    0,
    0,
    0,
    0,
    19,
    102,
    224,
    255,
    255,
    255,
    255,
    241,
    15,
    0,
    0,
    0,
    0,
    0,
    0,
    0,
    0,
    0,
    0,
    0,
    0,
    0,
    0,
    0,
    0,
    0,
    0,
    0,
    13,
    200,
    255,
    255,
    255,
    255,
    100,
    0,
    0,
    0,
    0,
    0,
    0,
    0,
    0,
    0,
    0,
    0,
    0,
    0,
    0,
    0,
    0,
    0,
    0,
    0,
    0,
    46,
    255,
    255,
    255,
    255,
    166,
    0,
    0,
    0,
    0,
    0,
    0,
    0,
    0,
    0,
    0,
    0,
    0,
    0,
    0,
    0,
    0,
    0,
    0,
    0,
    0,
    0,
    228,
    255,
    255,
    255,
    208,
    0,
    0,
    0,
    0,
    0,
    0,
    0,
    0,
    0,
    0,
    0,
    0,
    0,
    0,
    0,
    0,
    0,
    0,
    0,
    0,
    0,
    209,
    255,
    255,
    255,
    229,
    0,
    0,
    0,
    0,
    0,
    0,
    0,
    0,
    0,
    0,
    28,
    106,
    164,
    206,
    234,
    250,
    255,
    251,
    238,
    218,
    183,
    239,
    255,
    255,
    255,
    236,
    0,
    0,
    0,
    0,
    0,
    0,
    0,
    0,
    39,
    175,
    253,
    255,
    255,
    255,
    255,
    255,
    255,
    255,
    255,
    255,
    255,
    255,
    255,
    255,
    255,
    236,
    0,
    0,
    0,
    0,
    0,
    0,
    0,
    93,
    248,
    255,
    255,
    255,
    255,
    255,
    255,
    255,
    255,
    255,
    255,
    255,
    255,
    255,
    255,
    255,
    255,
    236,
    0,
    0,
    0,
    0,
    0,
    0,
    83,
    254,
    255,
    255,
    255,
    255,
    255,
    255,
    255,
    255,
    255,
    255,
    255,
    255,
    255,
    255,
    255,
    255,
    255,
    236,
    0,
    0,
    0,
    0,
    0,
    11,
    233,
    255,
    255,
    255,
    255,
    236,
    135,
    67,
    26,
    7,
    0,
    3,
    7,
    15,
    34,
    232,
    255,
    255,
    255,
    236,
    0,
    0,
    0,
    0,
    0,
    96,
    255,
    255,
    255,
    255,
    201,
    19,
    0,
    0,
    0,
    0,
    0,
    0,
    0,
    0,
    0,
    219,
    255,
    255,
    255,
    236,
    0,
    0,
    0,
    0,
    0,
    157,
    255,
    255,
    255,
    255,
    45,
    0,
    0,
    0,
    0,
    0,
    0,
    0,
    0,
    0,
    0,
    229,
    255,
    255,
    255,
    236,
    0,
    0,
    0,
    0,
    0,
    186,
    255,
    255,
    255,
    244,
    0,
    0,
    0,
    0,
    0,
    0,
    0,
    0,
    0,
    0,
    51,
    255,
    255,
    255,
    255,
    236,
    0,
    0,
    0,
    0,
    0,
    186,
    255,
    255,
    255,
    252,
    10,
    0,
    0,
    0,
    0,
    0,
    0,
    0,
    0,
    4,
    194,
    255,
    255,
    255,
    255,
    236,
    0,
    0,
    0,
    0,
    0,
    158,
    255,
    255,
    255,
    255,
    117,
    0,
    0,
    0,
    0,
    0,
    0,
    0,
    19,
    180,
    255,
    179,
    255,
    255,
    255,
    236,
    0,
    0,
    0,
    0,
    0,
    95,
    255,
    255,
    255,
    255,
    254,
    151,
    53,
    11,
    3,
    21,
    61,
    136,
    238,
    255,
    255,
    66,
    255,
    255,
    255,
    246,
    109,
    80,
    48,
    16,
    0,
    10,
    231,
    255,
    255,
    255,
    255,
    255,
    255,
    255,
    255,
    255,
    255,
    255,
    255,
    255,
    217,
    2,
    253,
    255,
    255,
    255,
    255,
    255,
    255,
    255,
    36,
    0,
    70,
    250,
    255,
    255,
    255,
    255,
    255,
    255,
    255,
    255,
    255,
    255,
    255,
    249,
    61,
    0,
    242,
    255,
    255,
    255,
    255,
    255,
    255,
    255,
    36,
    0,
    0,
    67,
    227,
    255,
    255,
    255,
    255,
    255,
    255,
    255,
    255,
    255,
    223,
    62,
    0,
    0,
    231,
    255,
    255,
    255,
    255,
    255,
    255,
    255,
    36,
    0,
    0,
    0,
    9,
    95,
    174,
    223,
    248,
    255,
    244,
    216,
    167,
    88,
    6,
    0,
    0,
    0,
    220,
    255,
    255,
    255,
    255,
    255,
    255,
    255,
    36,
    0,
    0,
    0,
    0,
    0,
    0,
    0,
    0,
    0,
    0,
    0,
    0,
    0,
    0,
    0,
    0,
    0,
    48,
    50,
    42,
    35,
    28,
    20,
    12,
    5,
    0,
